+45.504624
+30.866420
+17.125462
+48.870815
 +4.408399
+43.458357
+10.364086
+29.334391
+22.801904
+37.925352
+41.016877
 +6.254769
 +2.310251
+17.903684
+47.613453
+40.717795
 +4.623554
+38.491470
+19.374676
+26.511429
+39.019440
+24.910733
+46.482742
+20.560320
+27.332377
 +8.838160
+17.326884
+32.424390
+41.692862
+46.482742
+20.542009
+49.453719
+35.300760
 +7.448042
+34.627827
+49.150060
+11.613819
+48.486282
+13.000885
+25.295267
 +2.203436
+11.140782
+47.254860
+29.415265
+48.615986
 +7.415998
+16.446425
 +4.126102
 +8.560442
+32.464064
 +5.262917
 +9.961241
+31.727042
+18.404187
+48.809778
+22.190008
+25.522629
+18.318735
+36.895352
+49.241615
 +6.097598
+34.472182
+35.595264
+49.258400
 +4.907376
+29.848628
 +8.914457
+46.362194
+26.168096
+37.040315
+48.359630
+23.195593
+25.496689
 +3.566088
+43.226417
+41.282388
 +5.064547
+37.685781
+49.438459
+15.791803
+45.564135
+43.743706
+39.716788
+46.258431
+20.287179
+11.152989
+42.919706
+29.816584
+11.676382
+46.037172
 +5.355998
 +8.531449
+25.603504
 +9.610279
+31.875057
+27.352214
+23.725089
 +2.374340
+39.558092
 +4.287851
+19.220557
 +8.156072
+31.829279
+39.356670
 +6.215094
+37.089145
+25.769829
+13.843196
+18.205817
+31.575976
+40.493484
 +6.485183
+35.810419
+24.297311
+29.334391
+28.087710
+39.138462
+12.350841
+13.737907
 +1.167333
+25.112156
+36.538285
 +1.582385
+36.187323
+35.032197
+29.920347
+47.822504
+30.918302
+12.709433
+24.651326
+40.194403
+44.524979
+38.494522
+31.185339
+17.865535
+22.908719
 +9.462264
+28.908658
 +5.787835
+26.895962
+11.143834
+32.262642
+22.582171
+39.797662
 +1.039155
+21.404157
+44.787439
 +5.954161
+49.278237
 +1.498459
+35.250404
+26.784570
 +6.711020
+29.679250
+18.506424
+15.912351
+45.773186
+23.731193
+10.937834
+39.948729
+44.386120
+41.610462
+38.518937
+46.476638
 +8.264412
+45.783868
+49.990844
 +5.801569
 +1.898251
+41.537217
 +8.241523
+18.047121
+33.552049
 +3.233436
+17.741935
+12.121952
+14.557329
+27.651296
+20.801416
+38.169500
+38.265633
+28.418836
+20.505387
+30.018006
+48.918119
+10.626545
+13.122959
+39.222388
+45.779290
+39.690847
+37.789544
+17.247536
+42.835780
+43.498032
+26.294748
+47.361675
+29.375591
+11.928159
+10.780663
 +2.790918
 +1.750237
+32.798242
+22.159490
+32.721946
+11.659597
+28.292184
+37.067782
 +2.673421
 +1.226844
+30.944243
 +6.167791
+40.859706
+20.226142
+13.234352
+21.616260
+17.032380
+45.738090
 +9.862056
 +6.486709
 +5.444502
+49.565111
+46.752831
+34.003723
 +8.432264
+33.707694
+15.872677
 +9.343242
+42.213202
+29.232154
 +9.901730
+21.881771
+11.449019
+28.806421
 +5.830561
 +0.625629
+24.153874
+48.266549
+11.551256
+30.716880
+23.476363
+37.478256
+14.496292
+13.744011
+37.960448
+35.845515
+46.392712
+29.758599
+26.804407
+42.739647
 +3.178503
+33.721427
+21.723075
+48.205512
+34.191412
+44.268624
+41.935484
+44.212165
+39.609973
 +7.550279
+33.875546
+11.799982
+40.305795
+43.997009
+12.158574
 +4.412976
 +9.083834
+10.795923
 +3.389080
+22.727134
+27.437666
+37.911618
+19.365520
 +1.301614
 +6.837672
+20.444349
+11.223182
 +2.371288
+38.644063
+25.165563
+31.124302
+37.055574
+11.682485
+44.006165
 +3.007599
 +9.340190
+11.584826
 +2.336192
+28.997162
 +3.117466
+40.891751
 +4.863124
+33.005768
 +7.612842
+24.047060
+26.895962
+18.114261
 +1.486251
+36.320078
+33.880123
+39.292581
+40.963469
+20.690023
+36.935026
+17.989135
+22.251045
+31.807917
+17.247536
 +0.210578
+13.615833
+21.056246
+27.140110
+34.594256
+27.379681
 +1.792962
 +0.582904
+22.069460
+27.172155
 +8.832057
+31.026643
+13.673818
+40.763573
+41.212195
+49.293497
 +8.070620
+23.758660
 +2.351451
 +9.408856
+25.327311
+44.500565
+26.613666
+15.155492
 +8.529923
+35.456404
 +6.358531
+45.133824
+29.812006
+31.440168
 +8.557390
 +9.195227
 +2.301096
+39.953307
+45.011750
+44.041261
+24.628437
+13.966796
+35.242775
+30.765709
 +9.482101
+22.464675
+26.139103
+42.213202
+22.833949
+39.042329
 +7.382427
 +2.909940
+35.357219
+43.894772
+36.754967
+19.431135
+12.614826
 +9.491256
+14.351329
+13.960692
+45.591601
+15.253151
+19.808039
+18.915372
+48.104801
+11.548204
 +1.554918
+15.392010
+22.679830
+28.318125
+32.198553
+23.294778
+21.452986
+48.637349
+19.069491
+25.919370
 +3.639332
+42.544328
+34.025086
+36.834315
+16.156499
+31.415754
 +1.524400
+41.853084
+48.954741
+28.237251
 +9.102145
+23.914304
+41.613514
+24.062319
+29.233680
 +3.695791
+42.771691
+15.962706
+16.713462
 +3.752251
+48.954741
+46.818445
+20.575579
+19.003876
+24.347667
 +2.208014
+24.622333
 +1.385540
+28.110599
+34.772790
 +5.633717
+41.477706
 +0.744652
+11.299478
+23.322245
 +4.895169
+36.133915
 +2.903836
+31.072420
 +6.315806
+40.771203
+13.567003
+21.556749
+28.878140
 +6.765954
+17.372662
+46.273690
+21.825312
 +0.180059
+49.754326
+23.065889
+34.179205
+41.261025
+23.049104
+20.711386
+17.259743
+28.118229
+11.685537
+34.600360
 +3.866695
+30.449843
+27.314066
+42.603839
+46.934416
 +4.812769
+29.184851
 +5.177465
+25.461592
 +8.070620
+40.095218
+48.773156
 +0.561541
+10.525834
+13.225196
+46.592608
+29.403058
+35.332804
+20.148320
+35.792108
+19.873653
+25.742363
 +5.359050
+35.164953
+33.790094
+16.733299
+27.610096
 +2.365184
+21.451460
+12.616352
+33.375042
+44.763024
+45.348979
+47.137364
+32.772301
+22.959075
+25.846126
+27.675710
+23.210852
+11.049226
+16.658528
+40.087588
+31.131932
 +2.682577
+42.913602
+15.752129
+17.116306
+26.992096
 +9.633168
+37.385174
+14.677877
+13.431196
+13.429670
+35.189367
+48.075808
+19.624928
+15.245521
+49.900815
+49.427778
+11.252174
 +6.933805
+14.281137
+20.461135
 +8.050783
+29.503769
+29.648732
 +9.212012
+34.994049
+25.833918
+38.970611
+46.955779
+42.704550
+35.676138
+23.111667
+15.727714
+36.178167
+15.755181
+21.791742
+41.709647
+25.855281
+42.773217
 +5.803095
+34.812464
+40.137944
+32.145146
 +2.069155
+19.759209
+13.370159
+30.265206
+48.094119
+28.992584
+38.399915
+13.121433
+27.361370
 +2.693258
+47.718741
+49.070711
+12.274545
+16.266366
+12.312693
 +8.578753
+16.151921
+30.558184
+22.226630
+28.768273
+30.887783
+35.151219
+37.937559
+15.533921
 +1.802118
+30.033265
+26.593829
+41.090121
+16.286203
+15.961180
+22.174749
+19.731742
 +7.744072
+38.833277
+23.642689
+19.634083
 +1.463363
 +8.357494
+20.146794
+43.496506
 +3.920103
+36.381115
 +7.332072
+35.847041
+12.115848
+15.129551
+33.835871
+49.827570
+44.488357
+30.721458
+42.011780
+31.249428
+19.968261
+32.238227
+41.961425
 +2.761925
+36.756493
 +1.678518
+32.929472
 +5.916013
+27.341533
+45.103305
+11.116367
+33.967101
+41.386151
 +0.276193
+27.993103
+13.196203
+32.973724
+31.141087
+38.149663
+15.594958
 +3.834651
 +4.399243
 +0.772118
+10.695212
+29.090243
+18.558306
+23.793756
+39.384136
+17.055269
+30.709250
+14.766381
+17.496261
+29.725028
 +1.385540
+27.558214
 +2.009644
+15.428632
 +2.803125
+18.897061
+27.645192
+30.289621
+10.771508
 +3.849910
+46.690268
+49.978637
+25.637074
+24.282052
+29.863887
+48.394726
+42.518387
+19.370098
+11.026337
+44.793542
+16.183966
+12.230293
+33.541368
+45.921201
+40.870388
 +1.728874
+31.121250
+34.745323
+40.346995
+23.509934
 +0.950652
+32.334361
+38.554033
+19.347209
 +1.915036
+34.420301
 +6.122013
+28.847621
+35.729545
+49.262978
 +3.070162
+42.577898
+43.798639
+38.317515
+13.023774
+30.689413
+27.605518
+36.315500
+39.233070
+36.088137
+25.453963
 +2.293466
 +7.733390
+46.212653
 +3.369243
+28.148747
+47.947630
+32.499161
+42.968535
 +6.262398
+46.023438
+21.576586
+34.113590
+32.789087
+41.264077
+37.266152
 +5.172887
+48.135319
+10.916471
+27.439192
+48.690756
+41.209143
+13.661611
+14.807581
+25.257118
+19.014557
+37.104404
+35.702078
 +3.453169
+18.132572
+19.583728
 +5.893124
+18.608661
 +9.649953
+41.608936
+27.532273
 +8.230842
+24.124882
 +7.231361
+26.271859
 +6.921598
+48.123112
+10.690634
+32.612079
 +8.548235
+18.897061
 +8.600116
+46.560564
+28.547014
+18.790246
+43.028047
+49.645985
+24.106571
+45.884579
+35.769219
 +3.366192
 +5.093539
+12.492752
+49.114963
+48.123112
+43.508713
+48.060549
+33.440657
+41.688284
+14.281137
 +7.988220
 +6.930754
 +1.321451
+25.238807
+15.016633
+37.733085
+38.528092
+19.037446
+34.653768
+23.865474
 +0.570696
 +4.884487
+11.275063
+41.210669
 +7.785272
 +2.856532
+16.420484
 +4.860073
 +0.752281
 +8.621479
+35.860775
+14.178900
+36.393323
+11.394086
+46.987823
+26.847133
+47.064119
+22.925504
+13.119907
+32.230598
 +1.689199
 +0.323496
+46.249275
+19.391461
+33.021027
+20.563372
+14.798425
+10.016175
+20.059816
+39.437544
+47.997986
 +1.620533
+39.725944
+42.814417
+13.351848
+41.302225
+26.818140
+22.989593
+18.869594
+25.383770
 +6.357006
+37.942137
+16.521195
+45.246742
+37.334819
+36.312449
 +8.543657
+24.660482
+31.951353
 +5.926695
+33.150731
+18.942839
+39.423811
+28.656880
+31.176183
+21.233253
 +8.384960
+49.446089
+20.261238
+46.217231
+16.975921
+42.300180
+28.106021
+36.597797
+34.656819
+31.084628
+11.371197
+12.648396
 +4.838710
+47.892697
+11.793878
+10.124516
+12.373730
+36.832789
+26.061281
+26.877651
+24.953459
+36.059145
+41.022980
+23.476363
+22.524186
+45.797601
+10.797449
+48.133793
 +3.730888
+15.256203
+27.338481
+31.272317
+33.483383
 +6.179998
+11.006500
+20.026246
+20.693075
+15.872677
+22.748497
+47.999512
+40.261544
+17.514573
+24.388867
+10.585345
+38.348033
 +0.573748
+38.663900
+41.177099
+35.021516
+19.129002
+35.489975
 +8.552812
+13.325907
+30.909146
+46.098209
+30.777917
 +8.835108
+34.881130
+31.527146
+25.916318
+38.766137
+40.165410
 +7.109287
+44.878994
+34.690390
+24.134037
+49.450667
 +6.700339
+17.941832
+12.462233
+37.501144
+31.586657
+31.745354
+38.979766
 +4.271065
+42.008728
+19.150365
+18.109684
 +0.756859
+27.196570
+10.837123
+37.720878
+48.629719
+41.308329
+11.838130
 +5.203406
+33.251442
+30.608539
 +1.246681
 +4.586932
+13.608203
 +9.968871
+33.993042
+47.486801
 +0.675985
+33.988464
 +8.700827
+25.727103
+30.817591
+33.059175
+40.768151
+48.438978
+35.755486
 +9.686575
 +4.628132
+21.420942
+35.699026
+15.376751
+34.369945
 +1.632740
 +7.171850
 +3.398236
+46.670431
+34.563738
 +2.108829
+27.741325
+25.189978
 +7.342753
+19.782098
+33.576464
+30.437635
+25.388348
 +8.130131
 +9.532456
+24.187445

There were +914 values generated
The average is +24.855007
the standard deviation is +14.467896